2084757061
161795602
-1388706794
548236548
-658227234
-1683173162
-1528169691
-662043775
-1823062303
1552049223
-118696939
-109853100
519141855
1111517540
-1388173181
-927015839
1457132363
-294114068
637156475
-1230183954
243272876
554027362
-198740939
-1912670366
-1425952312
174416351
-196325692
1629744096
-811637881
-940940135
1862817154
1591391212
1081005791
-1638717535
-178204786
-712834914
-1060408252
999697771
-1272064269
217674102
-1282112323
1751323975
388729594
1332111062
60223515
-1651690062
-2124549221
-341173006
350019181
-1359384524
1400170623
-1074560003
648826792
1837846168
-1350458768
-1113400337
1079569430
1415272339
-498429451
-1177159095
-1066460751
-181416245
1021459901
666260353
-124122307
224210240
728151230
-1774482377
1256831048
653764465
923851148
-1801627578
1330075399
-819272195
-2082459116
412150747
1253477579
1202033588
992185629
1538364239
351247623
1554704544
-1021998249
336875510
-1557299818
1930197758
-348572921
1892263015
513955465
-1030173112
520282183
-1172541048
1469129157
-2067991109
1159389224
944024146
-292367451
-800238607
-814678824
1648083301
1954376666
1135337122
-14768767
-331533347
-1465587816
-466806546
1304061667
-1706012076
-1164115182
-57608424
40444612
1550882025
-1672819719
-338047294
-1937301470
1006014376
1822277300
-1091345743
-1586247307
-349083035
807933386
880497689
1404534330
-982387660
-348091175
276395176
1107423092
-1816685164
1901318851
-1402760570
-1646406228
-1262579596
437234093
-1665774460
-387557430
723214714
-256073671
-1017023757
-165428506
-803779476
-1532760688
1626494573
-452991572
-647181160
1748367707
-75799505
836208905
-633984993
1008673689
1396691386
-180367878
-1684686565
1657353696
-2092133836
-526711364
1290735243
-702530520
2097316105
-1016329275
2034092284
1165484486
-1533167718
-710054637
1232237981
250837091
-2113493515
1490935830
-1303622852
653166251
1348419661
-743209849
1702864065
1395263711
-605332134
1788569263
-1986252997
34737219
238454764
185748879
-626151631
1007822106
292913142
-384028165
-400914146
-863572529
453929568
-455604641
-2122363595
1933899236
-174331849
-1637904575
-1991942680
-1084914386
430532742
1406064061
617433349
1091576945
-73202384
632971413
-1450306919
-1568158070
1719947161
160928590
-1346773334
2008322147
1702159182
-1001386653
1626190245
-1912703306
708393824
611765438
262103801
599916302
-1934874885
-1854082899
-253294671
493517563
1037475692
-2056696616
1973240585
-633992882
-490491844
-1593386369
-312358612
903563451
-1085301378
-458291194
2101328463
-973178033
-1040103961
1149675387
150392126
-738063014
-1011393239
403870755
-591576147
382171064
-1386188139
1754631187
1545844651
1339254279
-965516683
-1583648955
2022254145
1731024454
-869870781
214079453
1509392194
-1472523621
782026544
-1151051199
-1145068443
404014073
766533769
-849687755
-598700881
2037758722
-410348822
1612985019
1531302808
729463857
-865187011
766295677
876600043
-1622593071
610059725
1915352526
930343682
-202242382
141904622
1118116175
651277075
569419862
-1953582698
-1940033753
627660305
1059382335
-1241800178
324640033
2061556200
-1189112429
-1723283048
-1938273500
1239120480
-1090529144
946665308
2066323129
2113204
-365350690
-1503003681
1237720871
2012634145
-1913534173
1948011449
-1837989797
-231906078
-1118521180
1174770702
-1619150854
-203888036
1885629319
1141104834
686412681
1456031483
-905653357
-441136877
-419857337
1110230864
-632744406
510672832
-297844172
-1755618280
344800210
-1984560060
1574816166
-2034041832
-993479049
586544712
-70160123
653638789
1425437108
300396652
-1585983384
-2069026874
1199125051
-1469440333
1347749393
79696429
-1210242037
166704492
-2051939553
1238599971
-947236516
-1522653752
890072325
2021592075
132551350
660315041
-799238338
290711046
-386034029
1045629233
379649223
88724232
1045777809
524737093
-1098783537
359156881
1347450314
-1043050909
-1150453808
-1297033658
1884845685
-528623683
2091255487
-1833823746
-662685988
941869575
1968017783
1010388248
2094086958
581784450
62826067
248909992
1888439003
1591776697
-331192129
-2116653400
446916781
1077958439
-1127297740
-16583228
-757883122
1323877472
-1831894465
-914067780
1762953578
541807231
-855865468
-844342134
-1602156226
-1839835847
-1519528709
-1652689562
-2039187047
-748139154
1891046612
1765745089
-493315581
-761501945
1241540324
-79849757
-1400339681
-1050719247
1765352101
1250980257
471390945
1700236541
128539965
-2105364980
-1691488688
-1370368121
886693767
1677613304
192603262
-1239653641
-2142302673
-1736704309
2076695336
1656898594
376495343
1814804968
-2106380246
1018754976
746301558
-1464116386
1680643321
1335270631
327964748
854057765
1993021054
1274803950
1184496288
-553180890
-126213983
829653761
175557892
591716941
296573600
-1414330254
-825426892
-1697305755
-748734816
24568651
-155214860
219703602
1238087225
-276578062
1600506880
-215374815
-1219651339
-1864897080
889365663
961566874
-2107365261
743697059
-2110832791
-1258690062
771767459
871380612
-82863812
-2010920695
-288715976
-1756672782
1462214587
-839064269
1629970598
-1087888937
-331177529
875844062
-1340681437
-1894883913
1577717808
1228971541
1931868141
-1563843028
834862289
306892444
-441470932
882071529
1476852998
1359861702
-1196625847
621556311
-1060258516
445596071
-1178107675
1026029755
1130570759
-1295260247
289738814
29420350
1742386764
-1837223073
1286558101
-2044725796
1627783123
-12547996
-550515910
-1553951467
327193163
-1091682696
-751525952
1207656068
-1596103155
528619477
1666278897
537943378
811129799
-533092541
