-27767739
948316610
-1967253816
-140139883
-1528277137
98691615
1941875866
-686459559
-1684302768
1945152969
1552362070
1383115038
1490911114
1989891181
1377887618
143117754
435301586
462581755
-472677525
933199019
2125945838
-779319531
-837687932
-1298330541
-1714875489
-2015365953
-1203784946
2062377980
653947877
817858792
63667342
1511138968
-372457700
-718479125
-812339952
594707191
1407194892
-1714943374
-1222801671
-2041810147
960737810
-886353246
-1111221241
234795815
-551789478
2116172018
1532510761
599120464
362622379
-995612806
485442827
1703479853
1633388313
1709632205
-395459687
216441614
-737440256
1604009010
547336125
1738097673
-1358064866
1565448291
-614804430
1921102390
-904109311
-647092817
-221201622
1618541081
280634643
1070485047
1212473651
1134085796
1184251831
-983515551
1188282817
1585776119
-330931513
-1233003645
-1432119532
-1799054919
771641089
-608519870
-449406749
1463504709
-118735817
-1401508691
-1627976610
378079144
690807975
-452158487
1130720572
1743425801
2060241747
1168065576
-1286536455
1251167162
608197494
1758379935
856108638
-888735754
-1978085031
1002360367
-1398174810
375714755
1071335061
-140392912
-1529583643
2039876432
-397955027
1536958278
1987641703
-71900221
75023056
-1649378436
-266598813
-52515595
-426989464
-1142782829
-2140153723
-1847828211
1290162806
-1165227463
41588544
1659290434
-1100312159
1156342829
-770965530
-1719798802
-929601582
570197534
1969387848
-458032351
833328016
-662358503
1639711607
969089272
515766740
-1860341799
727775457
-502881242
-576456932
-1037380974
715008007
-21716904
-1565032248
-593685098
1984425866
1117914948
-544099846
-1995774818
-1576529830
-325499178
36400774
1563924803
-1294114303
1249593822
-925293144
1698560691
1772847701
-11675667
-522117282
-963113120
245960270
54401411
-807968612
396291496
-1713349848
415040046
-1113600330
-405802726
-883965080
-505063816
-1830966148
-1142450961
-722304345
-682915670
-387252696
1560370708
-1465690561
-1580560809
1345367676
1019096811
984778534
1078353823
-657832105
6057593
-864632018
1711425736
430014519
-1238538123
-1296129017
-582336192
-221527680
563091056
-1153595000
-1516264963
-561819358
685513127
-781866329
-284449569
1518817153
1901874368
161761132
-1779146353
990048532
-1382357610
-1989638894
-953115079
391869976
2106264972
-1387524300
-1392178299
-818622953
-512923792
581945139
707849277
-1753515100
1904295688
1518132426
-594507994
-765504745
-1531142943
-2126721770
509268409
1792491571
-344061339
1885601418
-499773056
-1410472126
-1393454207
1160295857
-1286913837
-1543962089
926156124
-461509635
-1600920593
-351853940
-1670078020
1416936081
54248825
-910681027
402383014
417271563
1288468405
1417146766
-1259618005
-1560629864
2058179977
748750935
658516845
130514603
1693933666
-149580257
1268615260
123726960
-354394191
1543632269
-268988208
-1960139571
1379701754
-2135669040
-1362675636
-839140918
-2065275951
-829415463
-581600292
-170995235
-675273539
247003127
-1041859872
874234227
-113292294
1940505283
-1548889222
1252243034
44021048
2124260417
747178577
-1869429874
1959463783
-2041996856
-1655949607
-1148552238
1386745849
1455367975
-693115542
541444827
-871679453
-1582176901
189530043
458770058
2036778371
-222139409
1982992432
-909945745
1004862026
1745487116
1375250569
436759279
-1675467375
-490915531
700854839
320056827
-1106786966
1858986985
640347649
-1283813284
-1571540990
-177314668
-2022768444
817573597
758489831
-1566023092
-949474526
-2098732135
1656647065
1901618171
764628340
1028592523
637156497
754486732
-364102916
-2108763860
157736332
357534314
1689254799
-87385870
-247553058
-1623056753
-1460073124
1205380077
-1048256983
971015488
1791718223
-1824769243
440545876
866471953
631247642
2095860788
1084893526
-416426779
-620154100
-1035662570
175052725
-571082546
1589217717
-810098696
-667890014
746866749
1213582135
-993829684
-1385797873
-252699897
-623683321
-398790039
-1250487958
-1011703446
1346351441
-2065579622
1641694756
-872186849
-328697034
1689112828
-1468075373
-1661411098
1994699683
-1571267111
690649807
356109268
43665924
-862728988
1731304156
-2076049664
1082692970
1895654532
2107584858
-1627148609
1510494444
555718364
593119829
-714920487
1103934656
332861171
608280436
-1081685713
1587590799
164359130
132273807
1274436116
378458516
949928767
934346698
-1423373543
-614294454
-1790206222
-2533504
1632725573
-1011095636
381729088
1766372794
-598184721
1398380261
-961017804
-9843492
-1662867048
-437070468
-834289794
-635842336
504178305
-1069777859
1667116351
1639138164
922946656
783258690
918878777
-282912792
754772976
-533789202
-584632348
-462952976
-1674698064
388842916
-602201492
1787908565
1957429841
-2063556829
-1819892688
-897228754
254248398
1404467232
-1051421911
150283720
-1247630868
912730611
1456226525
481002713
-1929931140
1453411033
-1715495792
-841259731
1825883935
1834896920
993163354
-21651069
526908926
767393187
696525934
1661790417
-1263784639
1269562129
-306312635
1711137063
1818791077
-150422556
1882108466
-1860795214
1525458782
763536969
-1908587164
-2145786763
-1479846830
-938298774
642584827
246832539
-412747098
623495599
-1936418934
590809662
1908573427
1359682924
-813968273
963348468
-175498430
2027997029
-1404612414
-1018657716
-1138151255
-1983359055
-1544644806
504448633
-1906999369
1833040991
1349016940
538934185
-659504024
2015479995
2077099199
-490469694
1793416008
2111009461
-437511145
379859395
664981445
947207244
-311341621
1573637346
-610883253
1794596117
-758584867
266510816
