-2057457469
758020791
2019652881
-1372545408
-1310737361
-1057904962
-2030193356
1987786416
-1912171569
1561916765
-59426722
789815894
1909896867
1174527286
1156709808
-851279714
-1825065005
-1130837988
-142195474
1998469356
-119065657
2004662909
1264744207
746908088
-589345846
259183305
-2015621617
-392999478
1456332266
1796023552
-1862774615
-146440297
-602277001
-2008080715
-2022331812
1342853782
-1561763072
1615864904
-1886801794
170861190
-307454749
1288455097
1880913461
-1910957714
-1856636421
1180212755
-603213253
570336281
-1371568001
793988305
-229225823
-1630828443
1459072778
-137217258
-789167097
1130549883
-1613866527
-507073413
1104115690
-325237680
1789866771
-1718052144
529785464
-846770166
-1548665984
-2123025474
-40403521
829185294
148172771
1802233477
-1787144287
-104034706
-1073036814
2097831279
-1625796479
1510693446
1304574755
988279917
1259194784
56391436
1978262612
-1855642716
698131638
-1587186989
988223032
678969624
1155896681
-751329176
1191878444
-762416762
463242186
-960176637
-1158673031
-1861578461
-898708985
-2008733764
2122454846
854744372
-1263019094
1467696057
-1676065917
-1548869817
-1309283817
-1725315388
1654926606
-324971804
1679445524
290316887
1758274278
-1700518327
-1303979817
-1052293689
952150335
-1344074245
1146353531
-1553854950
-1243360524
-228630231
1645503417
-84700720
-1639836529
-1834152378
1024291306
-999645109
1541907767
1161958970
-112747590
1612852499
2007400848
225534726
-2130779369
-1661065526
-301714585
14650901
-405973911
-557493318
2042890652
1853369286
-1231525137
1152632910
904354079
75076531
1490599466
-1086363636
-1895590801
964017343
-493801460
281817907
-309903359
59708048
991900844
-1562905434
-2052484400
-1563590032
602224977
993546531
2054644936
-1493189555
271924921
-1335904292
1151698350
-271010932
213265900
1499731072
655409617
-1091480697
1689745583
2097526416
94511917
-2010823549
1899651402
-1563639074
-642694674
-404374483
-1510509362
842215691
530729821
1026668819
-1018825361
1409434571
-2018340138
1981765573
1405129361
-1854424733
-1570229040
-1717357900
1116898130
-2111294131
1708588889
454112524
98171525
-661092518
1822511167
491683099
799947838
-1238964649
-1573097541
-1080335332
73092935
-283331936
-1812728236
-2111799130
-113267641
-1150869932
-108816537
-949172146
-420805008
658295725
565822693
562224482
-549265316
1087056059
2026421556
1419151583
-2057649668
-1843648943
556377147
1699206685
-1501153967
-1486787767
1810974944
1934867136
1773761451
1061885752
768569789
1136757037
-1029857364
1108229798
-1430163578
-320660852
-1190906778
-57543270
932367755
1188246408
1655396216
1736972729
1223495662
300975085
1905061529
1307642265
-462504180
-1952454598
1462901142
1913757772
1586351589
592623862
-553194271
-1562446966
1906705381
-156463823
1561033769
-1597129391
-1991976675
-278443521
941723844
59277677
-1832702644
-1107450410
-165863928
101935642
1475318615
105388723
2141788536
-617833537
353738499
1918674846
-1216875859
579337710
1935537196
2132552902
2146196317
-2080192616
-543189815
-523369017
-751932867
-1097383055
-446356287
-2122156380
-967976033
-200574206
766685367
-1810948790
2030687373
-846812524
-1267550434
-472261278
1995976182
1241805195
-1611770967
1919514082
2146131583
-1444920045
1435164166
-545077790
763087511
-1851776417
-359537936
-1014553618
-2065850252
-1988319192
-1172291011
1414905719
-346476037
-1269117038
1713062241
-828747970
-1146445670
-1437909271
834084046
1801574933
1095320410
-709848932
-459980189
2082059868
1220456771
2135745132
1099064908
-1421545413
-23711226
-1284583738
-1508823076
-139129775
689082250
901903248
-692805113
-767118385
-867678738
-200720996
1537623205
-256014554
272502911
-976701236
-2060733896
1535589198
970975552
995652291
749009921
956440859
-2134060846
-32530932
-729807578
-1361875374
1309965731
1044808945
-1836872345
-1532053603
-148060795
-1821757344
1401347170
789399597
-1419252425
1995039702
521243057
-37617306
2051530160
-1399881086
-353136759
1213082515
-1992495987
-1015006438
-2108250198
-1033680927
33498477
958855184
-1869098346
-484407038
-677564619
-749443082
2015871301
743872496
-1627296711
1552083742
-1247861614
51135628
356729903
-1722595672
-885783587
-812254357
-1573059640
-1174312490
1153962313
-1092379658
196165398
463077428
-1234373151
2033454559
179050498
-1727360759
1673796182
127831996
1837556355
1355723651
1128497988
192197293
-1030179725
-2144990052
1248830316
-1992666929
687013841
-1023855620
-1313827945
-183342972
-1546248139
1328325336
2113928303
-493529621
1358915078
-2056624782
1388350593
-1892336673
1679051178
874795239
-1434136624
447303975
-263568554
-1979952718
-1411209279
320000404
2111007749
1722685132
1859326079
-1308526544
478718570
695555446
-1480729231
-978554323
-1916825894
1861537580
-812078923
834024193
-1593949436
-799612545
-14614539
-1587149931
-1028983805
-1299737184
322872425
-273366709
1317329320
-1218782943
1606921017
-2113004508
-453664171
-1594326077
-102343353
-1144765273
-325091100
-1249831025
-1039868128
-1751910380
-1525430773
1536905934
1596050939
49981490
1487971002
1776845031
-228337975
318589457
1362594541
1401142411
-1290326718
930344872
-993105645
-472548445
894492644
-1431919632
-306556683
1126369733
1257884393
-252495511
-1132266152
942520149
-586285726
-2093442224
-2031028716
-1562068566
-191100889
2058160259
1915183616
1874170661
1191854889
2018529678
-1528008570
-1700400344
866934983
1155017011
-2112590870
947065676
352486811
242938094
1649797431
-129778223
1313072069
-485328452
-978299708
239838270
569843031
-1025813316
1698680421
-828783470
