-1460771907
404411674
-1255381381
-400198081
1579314850
1630257502
164304980
1204087286
-343672704
-1276127285
-767125481
994944279
-2044430155
-1095470916
-316280533
-1245931653
-1912347411
-328039816
-2000320920
1510496488
1101616328
2002128892
857331281
-1778155626
1784121347
201344704
-271735386
1407083126
-941638759
2072536179
-884681220
1441456555
-404721000
-593671306
-1348659602
-1176396216
-633458229
-1552326157
1302495852
-1161511517
-1066440759
-301562763
-1474631755
1057398378
-1109921684
-2142878924
-651764958
53505964
-1631535850
-1852555197
-2125234564
942675551
-1546428095
647540972
-217206753
-1087307924
542638070
-7108350
1294830506
-101461801
1945710728
2031875545
297383060
-75002467
1505169563
-1929887960
-1017153209
-1142504349
-1247903240
334932781
1410365187
333776645
521661647
-933516419
-1338207216
1767644296
1282326515
-2103199446
-397806720
-537255384
-454210858
446703441
1851841936
1641008874
1665741691
-1955583395
543717856
-241829621
419304317
-1872425392
379538587
1573131586
-2072717575
22294243
288321649
1723988258
-760637724
-819122559
1107333442
-310356298
58006429
-169234974
1476286914
939790443
-1422298891
415394231
-1641179973
-1813409800
1280940885
-1274353018
124766157
514858876
218825124
1524493379
-144341977
-1009909054
-646053178
-457957427
1041279669
-1621756836
1564930198
-1768404663
1077702388
1290110031
809486731
193741939
-1800340483
-1618931208
1421831201
135506148
150315830
573424497
-1074299297
-1680638113
-1559208422
-1344207612
-1548567696
21169455
2025117224
1695566115
-114170303
-1565890880
-1486575266
199921770
1172257463
-754115736
-1402107763
-1210759742
-1424843647
410024000
1665555832
1458659272
-2086558202
1811097922
1722712587
133661200
498376195
-1507881120
178249789
-401268712
-675231065
1577295719
-297228643
179383149
-1121725618
1274276993
-1743437954
-1996576790
1264266451
-598644584
-1093280287
373502595
1492566601
1212933475
1026589688
1679207177
480826616
1582468442
1812683684
1735712462
-18780602
-142503969
152272116
-832342432
-884437422
6193544
-2010171366
-2135983454
1800411207
524498205
561708059
911487659
953562452
-818864496
-596948611
-843054363
-1134483544
-33816944
-558421007
1542479345
1353639507
-1562214992
-36428541
1543735685
-553830166
-410113658
-719069307
341719623
-2044632062
-1209191765
1686179461
1437959930
243096001
-978227200
-918819554
201115104
1490179782
987510231
1102165050
1315481473
-2008496044
234211702
651516518
236866307
-1807227622
-1810154616
-82103177
-1445106904
1056472461
-1270052667
-764041645
-608066310
656199876
882963784
14859614
1331502298
1895804551
539571179
-1766695305
1035216968
2075485708
-1818216459
239922235
-1908616232
-680173638
-224732183
-807569972
748380746
-1737280734
1195662912
-2131750506
1569665495
795738807
-1416756918
1672188670
-1354448941
550462809
1127634990
152732820
-1517326517
16406894
1350063811
-261072277
2090919573
-628566693
98125037
-536463930
521788401
1814764442
-204452553
233917336
-319967703
590627204
-1162893019
-1001841506
480800930
416804778
1066294682
-1670951535
856187854
687331211
-1358825828
-1391793660
-814052355
-2106815643
-1175523021
1535603693
1565377600
447813100
-306198990
150188846
-480004251
-902600962
335590100
-1532037228
690623932
116433310
-860435597
-1280312730
1778143130
-23133749
-1659934099
-1879755137
479027466
219184567
-813540902
1000757811
-1687471092
-977917634
395883124
-980653092
-1253634933
807445437
2018985436
1143521078
1661057625
96408122
-273382893
-818467691
1502426484
1122785052
564418287
1069854312
1042485481
-1052727951
-1115782539
120767011
1296366130
-1035181363
-546545666
-745685666
1899227796
-116352210
-404001955
1129900233
-1491190455
-737875934
-417139020
1507050910
1187900403
-37812475
1961587900
261490176
-1738809533
461926339
90836350
-85898197
254165471
1181379260
-353054982
1131888017
-1652193761
877025184
109573325
918886580
-1080662055
-169671445
-493030292
314443483
506544522
-661879015
-1167844334
-2132564941
1555732573
-1013301217
-626922456
-1092840887
1135796975
663529606
1441054152
864112853
-208273398
-1554045627
-83345142
-821720954
-394075931
2083325332
-2043623695
23667186
-1144804949
858442974
-1848783875
-300953727
-901359612
-1336434896
618898315
-1104122003
1638097619
-635698837
525768113
1077084514
-2013072473
787232396
-2125350904
228207000
-1531712111
-459516517
1912970775
-62861683
1276921489
-1718139045
-1811978463
2139647393
1198544902
547213363
-1426626506
636416637
-324485010
670093641
-1887659895
-318464742
182243910
471556750
-150036133
-1396173310
-1069075497
-2046731313
1277220339
-1838884271
-331909956
682255761
1727605108
1197829974
1632901094
-1275877905
-1561307268
-1466478482
-1420511673
114423747
-658408433
-544096555
156107535
-1650740449
1697849283
-984448346
1322995968
-1352259235
-1062365869
15856296
-1803976480
-749287819
1271478457
-1746664952
-1321463037
-1775489244
756021456
1332645254
-528688278
-1464132001
572948018
-1853458975
428414093
-2128410099
22443978
-950587632
1858703868
859508255
-1441322554
-1814244471
1215024349
1800481331
-2027890074
-2142081978
-2019877911
-643879547
-843546677
305514278
-578267798
970196120
443244992
43509732
1692194569
-2020808195
1558939999
1507365711
-812880320
-157385008
460941940
826578905
-1160466382
429565906
1217417292
-1712155246
407566792
-2143152758
386093930
1417265948
1541513055
90448316
214565551
-851182253
-461180636
-205613392
1151223582
1381068449
-274287707
1807290382
-439957921
-860858258
160730711
