-559859932
1842904367
1815684324
398933845
-217326161
-1903115803
566603209
-2096984065
259762290
-2116017315
299929538
-324465501
2031910879
1063074417
105181734
-1328464064
1672834291
468047988
870593480
-83132084
170658892
-1209283968
298922164
-614330411
358154445
-897595089
1332164230
-1348633628
199741979
293396739
-1661899749
-782217667
-1266124839
1635886286
-1177363461
1926318061
1186917166
-1402144292
1443414938
-1536019764
104354157
1391526580
-401082188
-1834957718
98584596
1761383524
2109189299
-668913165
286573725
-2136817368
870843321
-526459672
1337493457
-1332291748
1377999059
-1401687961
-808925851
-187384104
-304398419
2128616206
-120601970
1666182467
908220384
1641011778
-1863463492
2076807631
-106856202
1123978746
1987165469
1865060338
-1309504829
1464988280
2036709899
1701840893
2033809403
750462511
80320046
-490124376
-702204170
-901514355
-426828633
805604289
2064375824
-712924649
1318978426
590636204
-1834208826
1758749932
-1443520334
-1627506729
-1128966784
603296221
-556542208
1795112647
-1803232852
-736644410
-1794760216
-520777695
-196440847
558479909
-1595478742
-791414543
1358045546
-872863211
1940199108
-749519683
-1151190363
-602306661
-1709189370
-1559872694
-2080318179
643778254
-200111707
-976129248
-2145087560
165590873
2094503708
-800369672
1039544608
-1434167429
-79762527
-1904213106
-627224876
1568806044
1896445199
89000340
-1366441922
-1006169335
181246372
689855486
-1571738710
-623548975
1813952712
-1378419864
712239567
-250570306
932907682
-1124809183
-1335804166
1434825114
-250019934
263207147
4926405
-1882358754
382886495
-447525455
-140932667
1159970344
-1891382975
955764655
1308286061
510345554
-821238610
1278237582
-2088733998
-423086524
-104721569
-1121035599
-1814573392
1478337188
1251139758
1711559242
-1512459927
478027559
-287542741
45794556
758720023
-987273230
1443723692
623402181
-205351855
2020844539
-1787053853
585492294
222318144
1888774713
-269589349
-144121158
-1425067870
-183960457
345802738
1519574448
1891906395
1942516898
-1323720544
1277242044
-827838098
583301450
-1547505552
216513999
1081920594
1895616841
-977093983
713129416
-2136431168
-2086860493
2074959800
-2143944428
-263664819
-217266722
-1851565841
-839395093
-1165254919
-427751483
454443610
1694701125
132380745
-212921708
-2002268217
698085669
1313084789
-1513131467
-829417772
745810380
-1977986954
-365717692
1881711605
300994876
237274051
-984788378
41909186
1137438639
-1500469979
1036914422
-1511558767
-1094277231
-2142354569
-1077781967
-1990623773
1568254065
-1385145297
1916349556
-1677691581
1315694144
1591559953
-1787576673
-1638772410
-32843554
-265568018
-1979706622
-143491345
-377682771
800448660
1850887700
-1168221520
60521223
-982433514
1730970286
-1150545907
-1832451118
-91822458
1135499695
-1025767686
-2119572957
367797314
300244436
2010514561
-1946219800
-1358761507
562490387
-1152025063
-346800409
1336951148
2029616569
-187710510
-661424052
-1786229460
560938310
-1552358039
370461222
187419382
1001251420
-827519095
1803221968
1545544070
-644534673
-747044281
754945899
-552534038
-1179058801
906276215
-976399445
425039672
-1589010435
-1862683222
-2023150651
1297302814
1428973674
622196410
910434011
2078666211
1120920109
387217539
2076216859
-1926933941
176687925
1782642248
-1824391780
2129663999
1286010274
1110101892
-1200114449
19375290
-824186065
-489828357
-1961969325
1522365632
2011998665
-1596085458
1944795469
311134817
-1292261322
281784325
-1677824898
1737630245
106758934
1152728143
113612171
639875932
923155864
-423576381
-587461173
-839862914
1428971386
746253241
1795316346
542672230
-528762346
-1637636688
-528577594
-1292136939
1570177012
283512591
84884431
1541760914
-1018063683
-1079469979
978980481
-741343083
-1497197499
-315978378
69855864
1442473066
237023544
-1599709517
-1223064072
715473187
-281832759
1560183243
-108182856
-1680128327
1540713556
358073049
668595218
1554965704
1948931165
-335665415
1987689535
559235390
-1617982655
-27917423
-1053850260
-1473683715
-1062052742
-1067827975
1121941305
1713396043
1748187410
1908871603
-2110827900
-1713961509
878206247
-1424051265
-582931908
-1465232062
-202701154
507810925
-772830518
-1808198658
1788416409
-1726383293
-1852890368
1871002105
427427939
832139760
1578572120
1256250254
1787133665
-1178654868
831194089
1402617934
-527478189
-1677628026
-206425127
1787539712
621201214
470492213
-123543054
1450200370
-302321140
1973154367
-753935254
1722271841
1207953603
-421802149
783990469
178810424
477006693
-1446746002
-490821116
1090727808
-354298050
-353288671
1903729408
-425618317
-1102928926
-1832748698
-1313804831
-31991485
-1671427928
-1312719632
-173511771
1343690861
742800546
49420855
686132311
1807927108
-528423387
2021124671
-908550300
-612816480
-1137427833
-34528615
609152633
-1986331108
-121269273
-666165846
-1139576748
861425877
-1799234255
1396935410
-1533883450
161422239
30409767
880918153
-655700185
1947491042
-103903732
1518152488
-1251224712
1462086140
-1959107510
1835246068
461758126
85827728
1665949660
484569515
1949268066
-1026810686
-1550057207
1454543628
-1309136390
-1216997693
394365591
856677443
1630614358
2012748350
1277047964
-539172990
2135347308
1067755384
-1188696800
701380974
1988528627
-381024291
1243782792
436182106
477369801
1784969634
1893278939
1230597657
-1969693523
2046474828
1361008269
-1583956430
-1922142886
1894800284
-506893869
1354603222
1868254021
1940443332
1325385602
-1706064634
200896750
-1597742942
-1438498672
-2116374352
1206580958
-1692333155
-1949928059
