2098770362
2074709878
1518659647
366891057
1478519904
807214956
-555149623
-520704459
984277620
603307988
-1685053183
-243442389
-711313234
304675876
1373665860
-2019529884
-1596637728
-1829385773
-721246324
-508667330
781703877
-1317918994
568719492
-509275549
-32466832
-638435181
-1727860921
1558949873
161485155
515311650
-373623304
-987067382
309136204
-1281169537
355084553
920708569
822104452
-2139019309
238293890
1627280946
-1170840395
167329729
86173466
608368008
205268000
1428972335
-1238533225
-1823048313
579565884
-1110645105
96630081
896246959
-268726927
-737776613
141158328
-1902337726
-803091000
573059332
-719343991
-1966015947
-420511095
-1795292932
632105290
1927363991
1061381169
1544125210
1302760016
186139116
1839141754
-1235421109
-640969940
-1936279567
1233147420
83041135
240409390
1229280776
1296265952
-488835516
1702339988
771863253
-1621101841
-1971336342
-1645995988
1062871442
-1035806005
1401294490
1960124599
826438116
1282479110
290424336
-353592833
-1939890377
646485253
-1876001491
-904397033
-30645760
2099801264
1782719825
1800206566
-1683923968
731409058
-2118932655
-2106019553
-2079143658
941115004
731015245
1085505124
-793880651
-283721321
243716702
1739209283
-588013706
-2034618986
-804364785
-5792312
133281758
-1885812524
540298355
-1956752798
472916529
-540109629
-9980842
765187617
1586569333
384635615
-2125461068
1355175424
-1100297299
-1068456608
-988187103
484155707
-1447590616
1595939513
913462480
1323814481
2069592734
-787465437
2046100509
1774086452
1703570304
1279759824
-1400504742
-1206983403
-1657680373
-972879503
-1188426838
-1103647122
1016835578
1944952456
-1408648906
-143619556
100950766
-1590559062
-39875739
1342561527
711852603
-1740709196
-1433710543
-499975796
-524754155
-1223847002
-105828372
-1489416886
1043986607
35758863
1211039257
1484447406
-1316603598
716432920
2083390677
-591933281
-1837289386
-942733414
282347834
-2037610122
1134148924
-1600487601
1168294578
-1749991635
1431084703
133182183
-759659299
-393745451
-253489792
1769864587
1627269168
-1668783975
494480410
-723034496
-1974873344
-2120498066
1235744733
-302475438
1755073974
1528406157
467530791
935023212
-1747601942
-1319697283
-1773605931
1211765006
-532702317
-761767645
-971897718
-407311196
-237538013
1353258415
-1738071772
499550633
-780256501
1773356380
-108093682
-800097813
-158440325
-1621961621
-434517203
1623297393
-508212254
-1972991810
538439632
1064181770
1650865950
-1926785593
-1547507516
-910313725
-1865594303
1595969568
-1347522141
-122309463
-971928510
-1711041946
-1783272877
-1141852729
-1564238009
30208445
790828431
225722677
852254225
-1895843165
-1351448342
-1334789325
-636705772
-1920944092
1694623540
-324300260
1873731054
294784772
-1351560191
1528037770
514632754
-60518757
-132189791
524491348
1008341882
554699932
93296288
-713171303
-10989073
1469658164
-1431005567
1744631065
1236864531
-1785525295
-2019579588
-71563724
117883308
-463847286
-1058068215
646543083
-1568692459
-326825156
42143831
1959279767
-2069474322
534565027
1943597611
65737012
-1758820524
1806009585
-90581456
-337959746
548806166
773512940
784641689
127029072
674810966
-57431204
-2002612948
1599237655
-581481267
1969234967
-1898260595
2128870705
-1855299818
612539506
122039123
1601281420
1500267436
971454616
-868749939
1930147424
705163827
-360079929
-2145845549
-1833010046
2076119612
1889962089
-467307427
-384481595
486767994
-422615628
1076931362
-319348721
1186607944
-1693346146
-172676743
-1036343052
1840999246
824897620
860602498
991634172
1942937879
196106092
1808617560
-1205196973
-1956645553
-321203944
1197291468
-1585354579
373913881
-623900553
-1375906194
204842719
-767918743
472140874
2059069365
-902401076
-723082584
615839944
1195884393
1278802442
-831697327
-1573859308
-1723724433
-489915269
-309983152
-33213425
663940905
-1886233296
-1308000002
2139977668
365806340
817786560
1047013983
-1103575411
-1573577290
143527031
541195609
-604647678
2003387257
-993475953
-1473525084
1506697352
-1237457487
683967643
254229789
-2137739799
1993897683
-778519169
2100011863
-1541477953
770284949
2082094928
-351488883
1175255901
-789304003
160849979
1103121045
-1931661849
2055466693
-28929598
-1791304192
13146688
-1397724976
868071771
-986601787
1507172088
-1764977633
-134019718
-584438666
1234614839
-438795467
844173447
-1232034795
-1461261250
1111260235
-840788532
-689392224
640052403
859807848
-1150183934
-6381192
434971566
1787930355
-1659198091
-1118034995
1720346033
1129417943
-2092030801
863564360
-5981119
1631964942
406876507
-986951773
-563222968
-516663855
-156765499
382772239
861817411
1943871591
810606287
697030497
1092455694
-251611441
946788348
1976936604
-1605348507
38930135
-717422413
259844011
1523153322
1974399035
-636770675
433132537
664337813
-1266098412
-2049244455
1165183634
771030379
1618310713
-1170681093
-1720288166
1203723657
-470629908
-1298110753
-1695116991
785090485
2037973253
685846579
-805025638
-511992488
-1008919446
1877683143
1179111059
627044407
-1831879336
-1512216157
2079662358
-2071359604
-384968345
-1170138981
1438617205
1879678630
-227796053
1132280545
-986333287
-1496686139
1721032345
341450246
1840371109
-1543822400
1466378029
-838761381
34548056
-1368483926
1350457688
-262789899
-751025569
453962003
-1463601888
518559552
-1455010067
-222310227
-899377537
385423334
-439283545
994636618
-1853171299
-402152936
17597221
-1023035711
-236788750
1909161442
1065848711
1385557814
-1959240803
1870439050
-21079873
1365623020
-1394486217
